Admundfort  (1556,1035)
Hesuel Ilshar  (2277,2489)  (2231,2492)  (2323,2486)
Oldred  (2039,1420)  (1993,1462)  (2017,1374)  (2063,1374)  (2085,1420)  (1987,1508)  (2131,1409)
Ket  (502,939)  (456,949)  (548,927)  (594,944)  (640,944)
Glorioles  (2626,1918)  (2565,1905)  (2672,1915)  (2678,1961)  (2541,1859)  (2718,1896)
Lordship Isles East  (3149,2168)  (3103,2207)  (3103,2161)  (3149,2122)  (3195,2106)  (3057,2221)  (3057,2175)  (3191,2060)
Rauxes  (2826,1445)
Grand Duchy of Geoff  (400,1486)  (354,1492)  (433,1532)  (413,1440)  (459,1427)  (434,1578)
Spindrift Sound  (3130,1834)  (3084,1801)  (3171,1880)  (3125,1880)  (3130,1788)  (3176,1788)  (3176,1834)  (3079,1907)  (3053,1755)  (3165,1926)  (3099,1742)  (3145,1742)  (3222,1768)  (3119,1953)  (3073,1953)  (3042,1709)  (3165,1972)  (3088,1696)  (3134,1696)  (3119,1999)  (3073,1999)  (3027,2021)  (3099,2045)  (3053,2067)  (3007,2067)
Bright Desert  (1639,1471)  (1593,1487)  (1680,1517)  (1646,1425)  (1547,1458)
Menowood  (2376,2084)  (2330,2119)
Spine Ridge North  (2447,2165)
Lendore Isles  (3296,1964)  (3250,1998)  (3250,1952)  (3341,2010)  (3296,1918)  (3342,1918)  (3342,1964)  (3237,1906)  (3295,2044)  (3387,2010)  (3387,2056)  (3341,2056)  (3283,1872)  (3329,1872)  (3375,1872)  (3388,1918)  (3388,1964)  (3421,1839)  (3295,2090)  (3433,2010)  (3433,2056)  (3433,2102)  (3387,2102)  (3341,2102)  (3275,1826)  (3321,1826)  (3367,1826)  (3434,1885)  (3434,1931)  (3413,1793)  (3437,2148)  (3391,2148)  (3301,1780)  (3347,1780)  (3393,1747)
Welkwood  (1228,1343)  (1248,1389)  (1213,1297)
Jerlea Bay  (1002,2330)  (956,2375)  (956,2329)  (1047,2376)  (1002,2284)  (1048,2284)  (1048,2330)  (954,2283)  (1001,2421)  (955,2421)  (910,2375)  (910,2329)  (1093,2376)  (1093,2422)  (1047,2422)  (909,2422)  (1000,2238)  (1046,2238)  (1092,2238)  (1094,2284)  (1094,2330)  (908,2283)  (1138,2199)  (864,2376)  (864,2330)  (1140,2245)  (1140,2291)  (1140,2337)  (862,2284)  (845,2422)  (818,2376)
Tors  (745,2108)
Bandit Kingdoms  (1633,642)
Radigast City  (1802,1069)  (1845,1115)  (1799,1115)  (1757,1023)  (1803,1023)  (1829,1161)  (1806,977)  (1834,931)
Aerdi Sea  (2847,2006)  (2801,2051)  (2801,2005)  (2892,2052)  (2847,1960)  (2893,1960)  (2893,2006)  (2799,1959)  (2846,2097)  (2800,2097)  (2755,2026)  (2754,2090)  (2845,1914)  (2939,1954)  (2939,2000)  (2809,2143)  (2985,1940)
Womtham  (2309,1209)  (2263,1254)  (2329,1163)
Sterich  (527,1684)  (481,1710)  (573,1682)
Little Hills  (757,1879)  (791,1925)
Artonsamay  (1924,778)
Corusk South  (3372,505)  (3375,551)  (3381,459)
Fjords  (3082,634)  (3128,635)  (3046,588)  (3139,681)  (3174,600)  (3000,577)  (3046,542)  (3185,646)  (2989,531)  (3035,496)  (3231,658)  (3014,450)
Dim Forest  (559,1366)  (587,1412)  (563,1320)
Freehold  (1756,934)
Pitchfield  (2468,1981)
Terlep West  (2215,2420)
Hestmark West  (2304,1861)  (2350,1830)
Schnai  (3074,343)  (3028,364)  (3028,318)  (3119,389)  (3074,297)  (3120,338)  (2982,339)  (2982,293)  (3163,435)  (2936,313)
Oljatt Sea  (3235,2470)  (3189,2515)  (3189,2469)  (3280,2516)  (3235,2424)  (3281,2424)  (3281,2470)  (3187,2423)  (3234,2561)  (3188,2561)  (3143,2515)  (3143,2469)  (3326,2516)  (3326,2562)  (3280,2562)  (3142,2562)  (3233,2378)  (3279,2378)  (3325,2378)  (3327,2424)  (3327,2470)  (3141,2423)  (3141,2377)  (3187,2377)  (3371,2334)  (3234,2607)  (3188,2607)  (3097,2516)  (3097,2470)  (3372,2516)  (3372,2562)  (3372,2608)  (3326,2608)  (3280,2608)  (3142,2608)  (3096,2608)  (3096,2562)  (3233,2332)  (3279,2332)  (3325,2332)  (3373,2380)  (3373,2426)  (3095,2424)  (3095,2378)  (3095,2332)  (3141,2331)  (3187,2331)  (3371,2288)  (3417,2288)  (3417,2334)  (3051,2516)  (3051,2470)  (3418,2472)  (3418,2518)  (3418,2564)  (3418,2610)  (3050,2636)  (3050,2590)  (3050,2286)  (3233,2286)  (3279,2286)  (3325,2286)  (3419,2380)  (3419,2426)  (3049,2424)  (3049,2378)  (3049,2332)  (3096,2285)  (3142,2285)  (3371,2242)  (3417,2242)  (3005,2544)  (3005,2498)  (3004,2636)  (3004,2590)  (3188,2240)  (3234,2240)  (3280,2240)  (3003,2452)  (3003,2406)  (3003,2360)  (3003,2314)  (3326,2196)  (2959,2544)  (2959,2498)  (2958,2622)  (3220,2194)  (3266,2194)  (2957,2452)  (2957,2406)  (2957,2360)  (2913,2550)  (2913,2504)  (3243,2148)  (2911,2458)  (2911,2412)  (2867,2510)  (2865,2464)  (2819,2477)  (2773,2472)
Lo Reltarma  (3342,2055)
Cruski West  (2693,66)  (2739,80)
Rieuwood  (2369,1905)  (2323,1950)  (2415,1890)  (2461,1872)
The Lordship Isles  (2809,2242)  (2763,2287)  (2854,2288)  (2850,2196)  (2855,2242)  (2896,2155)  (2808,2333)  (2762,2333)  (2717,2287)  (2900,2288)  (2891,2334)  (2716,2334)  (2901,2201)  (2942,2121)  (2825,2379)  (2779,2379)  (2946,2247)  (2733,2380)  (2687,2380)  (2670,2334)  (2947,2167)  (2641,2384)  (2992,2213)  (2993,2155)
Abbor Alz  (1559,1366)
Fellreev Forest  (1653,521)  (1698,567)  (1610,475)  (1699,502)
Meno Bay  (2311,2254)  (2265,2286)  (2265,2240)  (2313,2300)  (2311,2208)  (2357,2208)  (2357,2254)  (2367,2300)  (2219,2286)  (2403,2192)  (2403,2238)  (2213,2337)  (2413,2284)  (2173,2291)  (2127,2317)  (2081,2342)
Barrens East  (1856,410)  (1810,455)  (1810,409)  (1902,397)  (1902,443)
Irongate  (2128,1866)  (2129,1820)  (2174,1866)
Perrenland  (686,670)  (731,716)  (685,716)  (691,624)  (732,670)
Willip  (1357,1022)  (1311,1014)  (1403,1031)
Highfolk  (869,989)
Sulward City  (3078,2194)
Rel Mord  (2156,1277)  (2193,1323)  (2147,1323)  (2163,1231)  (2209,1216)
Cruski South  (3340,245)
Dramidj North  (64,132)  (18,177)  (18,131)  (109,178)  (64,86)  (110,86)  (110,132)  (16,85)  (63,223)  (17,223)  (155,178)  (149,224)  (62,40)  (108,40)  (154,40)  (156,86)  (156,132)  (0,39)  (200,0)  (103,269)  (57,269)  (11,269)  (202,46)  (202,92)  (149,295)  (246,0)  (103,315)  (57,315)  (11,315)  (248,46)  (292,0)
Edge Field  (2745,1324)  (2790,1370)  (2744,1370)  (2718,1278)
Bissel  (660,1285)  (614,1285)  (706,1267)
Yecha Hills  (202,394)
Yatil Pass  (602,836)
Spine Ridge  (2474,2388)  (2407,2440)
Vast Swamp  (2526,2140)  (2480,2108)  (2535,2186)  (2572,2123)  (2530,2232)
Hold of the Sea Princes  (869,2131)  (823,2176)  (823,2130)  (915,2087)  (915,2133)  (854,2084)  (777,2192)  (961,2076)
Kingdom of Nyrond  (2027,1182)  (1981,1227)  (1981,1181)  (2072,1228)  (2027,1136)  (2073,1136)  (2073,1182)  (1979,1135)  (2026,1273)  (1980,1273)  (1935,1227)  (1934,1274)  (2025,1090)  (2071,1090)  (2117,1090)  (2119,1136)  (2119,1182)  (1889,1228)  (1977,1320)  (2087,1044)
Grendep Bay  (2822,603)  (2776,648)  (2776,602)  (2867,649)  (2822,557)  (2868,557)  (2868,603)  (2774,556)  (2821,694)  (2775,694)  (2730,648)  (2730,602)  (2913,649)  (2913,695)  (2867,695)  (2729,695)  (2820,511)  (2866,511)  (2912,511)  (2914,557)  (2914,603)  (2728,556)  (2728,510)  (2774,510)  (2821,740)  (2684,649)  (2684,603)  (2959,649)  (2959,695)  (2921,741)  (2875,741)  (2683,723)  (2856,465)  (2902,465)  (2682,557)  (2682,511)
Mitrick  (883,1132)  (837,1155)  (900,1178)  (838,1086)  (884,1086)  (929,1132)  (975,1124)
Scant Strait  (1750,1898)  (1704,1943)  (1704,1897)  (1795,1944)  (1750,1852)  (1796,1865)  (1702,1851)  (1749,1989)  (1658,1962)  (1658,1916)  (1841,1911)  (1841,1957)  (1748,1806)  (1656,1870)  (1690,1805)  (1612,1950)  (1887,1887)  (1775,1760)
Forlorn Forest  (1823,265)  (1777,276)  (1868,311)  (1785,219)  (1869,228)
Loftwick  (601,1932)  (555,1977)  (555,1931)  (625,1978)  (611,1886)  (657,1876)
Grabford  (1241,882)  (1195,905)  (1195,859)  (1285,928)  (1246,836)  (1287,882)  (1149,897)  (1333,868)
Gnarley Forest  (1337,1264)
Dim Forest East  (654,1423)
Lortmil Mountains  (903,1353)  (857,1362)  (857,1316)  (948,1399)  (903,1307)  (902,1408)  (848,1270)  (994,1398)
Sea of Ulek  (1357,1945)  (1311,1990)  (1311,1944)  (1402,1991)  (1357,1899)  (1403,1899)  (1403,1945)  (1309,1898)  (1356,2036)  (1310,2036)  (1265,1990)  (1265,1944)  (1448,1991)  (1448,2037)  (1402,2037)  (1380,1853)  (1426,1853)  (1449,1899)  (1449,1945)  (1263,1898)  (1472,1830)  (1356,2082)  (1310,2082)  (1219,2014)  (1219,1968)  (1494,1991)  (1494,2037)  (1494,2083)  (1448,2083)  (1402,2083)  (1495,1876)  (1495,1922)  (1217,1922)  (1196,1876)  (1524,1830)  (1173,2002)  (1540,1968)  (1541,1876)  (1541,1922)  (1171,1956)  (1150,1910)  (1125,1989)  (1104,1943)
Warfields  (1595,904)  (1611,950)
Barrier Peaks  (271,1321)  (225,1366)  (286,1367)  (272,1275)  (318,1274)  (240,1412)  (194,1412)  (179,1366)  (290,1413)  (364,1241)  (244,1458)  (410,1198)  (440,1355)  (445,1152)  (456,1198)  (502,1175)  (522,1221)  (530,1267)
Gull Cliffs  (3062,1416)  (3096,1462)
Tangles  (1719,719)  (1673,747)
Lorridges  (775,1226)  (772,1272)  (748,1180)
Grandwood Forest  (2956,1557)  (2910,1602)  (2978,1603)  (2941,1511)  (2987,1511)  (2932,1648)  (2886,1648)  (2973,1465)
Phostwood  (2024,741)  (2070,714)  (2070,760)
Corusk Fjord  (2985,0)  (2775,0)
Blue  (1621,1786)  (1616,1726)
Jotens  (502,1841)  (456,1857)  (492,1795)  (538,1795)  (548,1841)  (493,1903)  (584,1759)  (447,1930)  (594,1805)  (469,1976)  (640,1790)  (686,1791)  (492,2040)
Niole Dra  (849,1650)  (803,1682)  (803,1636)  (894,1696)  (849,1604)  (895,1604)  (895,1650)  (788,1590)  (848,1728)  (834,1558)
Amedio South  (1228,2634)  (1195,2588)  (1208,2542)  (1254,2519)
Tundra  (661,58)  (707,51)  (855,40)  (444,33)  (398,40)  (352,55)
Fellreev West  (1546,556)
Bellport  (2721,918)
Flinty Hills  (2403,1100)  (2357,1103)  (2448,1146)  (2403,1054)  (2311,1103)  (2265,1128)  (2219,1111)
Hornwood  (330,1586)
Corusk Pass  (3062,175)  (3066,221)  (3094,104)
Wormhall  (1580,759)  (1582,805)
Tusman Hills  (369,877)  (362,923)
Verbobonc  (1109,1234)  (1052,1197)
Naerie  (2313,2023)  (2286,2069)
Hepmonaland  (2713,2591)  (2667,2636)  (2667,2590)  (2713,2545)  (2759,2545)  (2759,2591)  (2665,2544)  (2621,2636)  (2621,2590)  (2805,2543)  (2805,2589)  (2805,2635)  (2632,2498)  (2678,2498)  (2575,2636)  (2575,2590)  (2851,2593)  (2529,2627)
Woolly Bay  (1482,1556)  (1436,1586)  (1436,1540)  (1527,1602)  (1528,1545)  (1419,1494)  (1465,1494)  (1390,1549)  (1573,1591)  (1573,1637)  (1406,1448)  (1452,1448)  (1619,1588)  (1619,1634)  (1404,1402)  (1450,1402)  (1665,1595)  (1665,1641)  (1680,1687)  (1711,1599)  (1726,1645)  (1726,1691)  (1772,1610)  (1772,1656)
Riftcrag  (1821,739)
Eastfair  (2697,1069)  (2651,1114)  (2651,1068)  (2715,1115)  (2697,1023)  (2743,1023)  (2743,1069)  (2649,1022)  (2669,1160)  (2605,1114)  (2789,984)  (2789,1030)
Fruztii  (2579,402)  (2533,447)  (2606,448)  (2585,356)  (2631,380)  (2631,312)  (2487,448)  (2603,494)  (2677,304)  (2466,402)
Middle Olman Islands  (1648,2460)  (1693,2506)  (1694,2455)
Crystalmist Mountains  (267,1765)  (221,1810)  (221,1764)  (312,1811)  (267,1719)  (313,1719)  (313,1765)  (219,1718)  (175,1818)  (175,1772)  (358,1811)  (358,1857)  (265,1673)  (359,1675)  (359,1721)  (173,1726)  (173,1680)  (219,1672)  (135,1634)  (129,1811)  (404,1827)  (404,1873)  (358,1903)  (405,1654)  (181,1626)  (227,1626)  (126,1588)  (373,1949)  (172,1580)  (218,1580)  (395,1995)  (349,1995)  (128,1534)  (174,1534)  (220,1534)  (129,1488)
Vesve Forest  (1060,670)  (1014,715)  (1014,669)  (1105,716)  (1060,624)  (1106,624)  (1106,670)  (1014,623)  (1059,761)  (1060,578)
Sulhaut Mountains  (99,2142)  (53,2178)  (53,2132)  (145,2097)  (145,2143)  (7,2180)  (7,2134)  (191,2074)  (191,2120)  (191,2166)  (237,2064)  (237,2110)  (283,2061)  (283,2107)
Spinewood  (2084,2437)  (2038,2436)  (2130,2432)  (2130,2478)
The Pomarj  (1387,1692)
Ahlissa  (2163,1745)  (2117,1764)  (2208,1791)  (2209,1720)  (2071,1756)  (2254,1768)  (2254,1814)
Stoink  (1898,877)  (1908,923)
Icy Sea  (1911,63)  (1865,108)  (1865,62)  (1956,109)  (1911,17)  (1957,17)  (1957,63)  (1863,16)  (1910,154)  (1864,154)  (1819,108)  (1819,62)  (2002,109)  (1971,155)  (1818,155)  (2003,0)  (2003,46)  (1817,16)  (1773,109)  (1773,63)  (2048,92)  (2049,20)
Thellywood  (2409,1608)
Whyestil Lake  (1218,726)  (1172,771)  (1176,680)  (1264,707)
Asperdi  (3253,1348)
Corusk East  (3225,275)  (3179,299)  (3179,253)  (3270,321)  (3225,229)  (3271,232)  (3156,207)  (3224,345)  (3299,367)  (3202,183)  (3127,161)  (3253,391)  (3173,137)  (3219,137)
Celadon West  (1777,1363)
Lorridges North  (733,1100)
Olman  (1611,2556)
Soull  (3267,509)
Maure Wetlands  (1514,1269)
Udgru East  (327,620)
Ull  (74,1253)  (28,1298)  (28,1252)  (119,1299)  (74,1207)  (120,1207)  (120,1253)  (26,1206)  (73,1344)  (27,1344)  (72,1161)  (118,1161)  (166,1228)  (166,1274)  (0,1160)
Rushmoors  (700,1519)  (654,1531)  (746,1481)
Marner  (2564,603)  (2518,588)  (2602,649)  (2613,695)
Hraak Forest  (2386,180)  (2340,225)  (2402,134)  (2432,180)
Archclericy of Veluna  (982,1251)  (980,1205)  (1028,1245)
Duchy of Ulek  (958,1545)  (912,1537)  (1003,1591)  (906,1491)
Bone March  (2572,914)  (2526,959)  (2618,892)  (2536,1005)  (2680,870)
Vlekstaad  (2131,338)  (2142,292)  (2185,376)
Glot  (3356,388)
Traft  (849,565)
Innspa  (2353,1282)
Bramblewood West  (542,1027)  (588,1006)
Duchy of Tenh  (2008,621)  (1962,666)  (1962,620)  (2023,575)  (2054,621)  (1949,712)  (1903,695)
Ogburg  (2317,835)  (2358,881)  (2312,881)  (2308,789)  (2354,789)  (2325,927)  (2308,743)
See of Medegia  (2969,1831)  (2923,1876)  (3014,1877)  (2940,1785)  (2986,1785)  (3015,1831)
Amedio Jungle  (1084,2539)  (1038,2584)  (1038,2538)  (1129,2585)  (1084,2493)  (1130,2493)  (1130,2539)  (1036,2492)  (1083,2630)  (1037,2630)  (992,2584)  (992,2538)  (1132,2631)  (1169,2447)  (1215,2408)  (1198,2362)  (1244,2362)  (1213,2316)
Solnor Corner  (3419,16)  (3437,62)  (3280,8)  (3437,183)
Tusmit  (276,778)  (321,824)  (275,824)  (245,732)  (291,732)  (322,778)  (229,831)  (337,722)  (307,870)  (307,916)
Olman Islands  (1639,2619)  (1597,2573)  (1643,2573)  (1589,2527)
Sea of Gearnat  (1907,1700)  (1861,1742)  (1861,1696)  (1923,1654)  (1953,1700)  (1972,1746)  (1998,1792)
Solnor North  (3421,338)  (3437,384)  (3388,292)  (3434,292)
Iuz  (1277,466)  (1231,499)  (1323,427)  (1323,473)  (1358,381)
Hookhill  (730,1371)  (750,1417)
Azure Sea  (1757,2177)  (1711,2222)  (1711,2176)  (1802,2223)  (1757,2131)  (1803,2131)  (1803,2177)  (1709,2130)  (1756,2268)  (1710,2268)  (1665,2222)  (1665,2176)  (1848,2223)  (1848,2269)  (1802,2269)  (1664,2269)  (1755,2085)  (1801,2085)  (1847,2085)  (1849,2131)  (1849,2177)  (1663,2130)  (1663,2084)  (1709,2084)  (1893,2045)  (1756,2314)  (1710,2314)  (1619,2223)  (1619,2177)  (1894,2223)  (1826,2315)  (1664,2315)  (1618,2315)  (1618,2269)  (1774,2039)  (1820,2039)  (1895,2091)  (1895,2137)  (1617,2131)  (1617,2085)  (1617,2039)  (1663,2038)  (1780,2360)  (1734,2360)  (1573,2223)  (1573,2177)  (1940,2183)  (1940,2229)  (1688,2361)  (1642,2361)  (1596,2361)  (1941,2099)  (1571,2131)  (1571,2085)  (1757,2406)  (1986,2145)  (1986,2191)  (1986,2237)  (2032,2159)  (2032,2205)  (2032,2251)  (2078,2227)
Grandwood South  (2943,1708)
Spikey Forest  (2849,267)  (2863,221)
Hool  (706,2196)  (721,2242)
Fellreev South  (1523,648)
Littleberg  (1075,1069)  (1029,1114)  (1029,1068)  (1077,1115)  (1075,1023)  (1121,1042)  (983,1072)
Mounds of Dawn  (599,597)
Jotsplat  (3030,50)
Blackwater  (1133,349)  (1087,363)  (1174,395)
The Headlands  (1940,1827)
Dorakaa  (1251,578)  (1205,623)  (1205,577)  (1278,624)  (1297,540)  (1343,560)
Elredd  (1327,1563)
Icy Sea West  (1504,37)  (1458,82)  (1458,36)  (1549,83)  (1550,0)  (1412,96)  (1412,50)  (1412,4)  (1595,46)  (1595,92)  (1596,0)  (1366,104)  (1366,58)  (1641,46)  (1641,92)  (1642,0)  (1320,126)  (1320,80)  (1687,46)  (1687,92)  (1688,0)
Free City of Greyhawk  (1440,1252)  (1454,1298)
Hellfurnace Mountains  (666,2364)  (620,2362)  (711,2410)  (665,2410)  (666,2318)  (712,2318)  (712,2364)  (617,2316)  (757,2410)  (757,2456)  (711,2456)  (665,2456)  (758,2300)  (758,2346)  (571,2359)  (571,2313)  (617,2270)  (568,2267)  (803,2492)  (757,2502)  (711,2502)  (614,2224)  (540,2221)  (839,2538)  (849,2491)  (793,2548)  (747,2548)  (586,2178)  (504,2175)  (885,2537)  (885,2583)  (839,2584)  (793,2594)  (458,2133)  (550,2132)  (596,2132)  (504,2129)  (412,2128)  (908,2629)  (862,2630)  (550,2086)  (596,2086)  (397,2082)  (443,2082)  (642,2079)  (366,2129)
The Great Kingdom  (2706,1510)  (2660,1531)  (2660,1485)  (2706,1464)  (2752,1525)
Blackmoor  (1065,64)  (1019,81)  (1107,110)  (1111,37)  (1015,35)  (1120,156)  (1157,42)  (969,42)  (1203,33)  (1249,3)
Gnat Marshes  (1877,1480)
Suss Forest  (1323,1647)
Densac Gulf  (2055,2611)  (2009,2636)  (2009,2590)  (2055,2565)  (2101,2593)  (1987,2544)  (1963,2636)  (1963,2590)  (2033,2519)  (2147,2613)  (1941,2544)  (1966,2498)  (1917,2636)  (1917,2590)  (2193,2620)  (1895,2544)  (1871,2636)  (1871,2590)  (2239,2615)  (1849,2544)  (1840,2498)  (1825,2636)  (1825,2590)  (2285,2614)  (1807,2452)  (1803,2544)  (1794,2498)  (1779,2636)  (1779,2590)  (2331,2613)  (1733,2636)  (1733,2590)  (2377,2604)  (2423,2599)
Dramidj Ocean  (22,473)  (64,519)  (18,519)  (0,427)  (46,427)  (68,473)  (92,403)  (14,565)  (0,381)  (46,381)  (114,449)  (0,611)  (5,657)  (18,703)
Good Hills  (822,1819)  (868,1826)  (857,1872)
Lone Heath  (3065,1575)
Jurnre  (1095,1704)  (1066,1658)  (1054,1612)
Javan  (845,1985)
Soull Pass  (3315,449)
Kingdom of Keoland  (677,1605)
North Province  (2928,1032)  (2882,1056)  (2882,1010)  (2944,1078)  (2974,993)  (2990,1039)
Wild Coast  (1342,1367)
Deepstill  (1094,476)  (1048,506)  (1139,522)  (1086,430)
Troll Fens  (2196,597)
Griff Pass  (2175,464)
Wastes  (1588,205)  (1542,222)  (1542,176)  (1634,186)  (1496,177)  (1680,189)  (1695,235)
Plains of the Paynims  (249,1126)  (203,1170)  (203,1124)  (294,1172)  (249,1080)  (295,1080)  (295,1126)  (245,1216)  (271,1034)  (317,1034)
Griff West  (2051,445)  (2005,479)  (2005,433)  (2097,410)  (2097,456)
Howling Hills  (1248,367)  (1220,413)  (1294,344)
Rovers of the Barrens  (1653,363)  (1607,408)  (1607,362)  (1698,409)  (1653,317)  (1699,328)  (1605,316)  (1561,419)  (1561,373)  (1744,374)  (1745,326)
Rift Canyon  (1730,835)  (1684,861)  (1684,815)  (1775,881)  (1776,809)  (1638,837)  (1822,809)  (1868,807)
White Fanged Bay  (2027,233)  (1981,253)  (2072,279)  (2057,187)
Jenelrad  (2779,385)  (2733,430)  (2733,384)  (2825,367)  (2825,413)  (2769,338)  (2687,455)  (2687,409)  (2687,363)  (2871,362)  (2871,408)  (2917,377)
Lortmil Pass  (1037,1469)
Amedio Bay  (1423,2388)  (1377,2433)  (1377,2387)  (1468,2434)  (1423,2342)  (1469,2342)  (1469,2388)  (1375,2341)  (1422,2479)  (1376,2479)  (1331,2433)  (1331,2387)  (1514,2434)  (1514,2480)  (1468,2480)  (1421,2296)  (1467,2296)  (1513,2296)  (1515,2342)  (1515,2388)  (1329,2341)  (1329,2295)  (1375,2295)  (1422,2525)  (1376,2525)  (1522,2526)  (1476,2526)  (1330,2526)  (1421,2250)  (1467,2250)  (1513,2250)  (1283,2275)  (1329,2249)  (1375,2249)  (1263,2229)  (1430,2571)  (1384,2571)  (1522,2572)  (1476,2572)  (1338,2572)  (1292,2572)  (1421,2204)  (1467,2204)  (1309,2203)  (1355,2203)  (1221,2183)  (1430,2617)  (1311,2618)  (1401,2158)  (1447,2158)  (1267,2157)  (1313,2157)
Celadon Forest  (1890,1360)  (1935,1406)  (1861,1314)
Ceshra  (141,948)  (95,948)  (186,994)  (140,994)  (94,902)  (140,902)  (186,902)  (187,948)  (187,1040)  (141,1040)  (77,856)  (233,926)  (233,972)
Yecha  (290,251)  (244,296)  (244,250)  (335,297)  (290,205)  (336,205)  (336,251)  (349,343)  (248,159)
The Yeomanry  (721,1983)  (675,2012)  (767,1989)
Hochoch  (599,1483)
Jalpa  (2545,1588)  (2499,1633)  (2499,1587)  (2590,1634)  (2545,1542)  (2591,1542)  (2591,1588)  (2497,1541)  (2544,1679)  (2620,1680)  (2543,1496)  (2479,1495)  (2574,1725)  (2528,1725)  (2620,1726)  (2525,1450)  (2475,1449)  (2677,1770)  (2631,1772)  (2521,1404)  (2475,1403)  (2723,1779)  (2429,1365)  (2475,1357)
Idee  (2182,1943)
Clatspur Range  (831,741)  (845,787)  (836,695)  (838,649)
Gradsul  (1016,1806)  (970,1851)  (970,1805)  (1061,1852)  (1062,1780)  (968,1759)
Wolf Nomads  (729,247)  (683,292)  (735,293)  (775,208)  (781,254)
Chendl  (1161,976)  (1115,963)  (1207,978)
Burneal East  (928,149)  (882,175)  (882,129)  (973,195)  (928,103)  (974,129)  (1019,175)
Midmeadow  (2061,939)  (2015,929)  (2064,985)  (2107,903)
Timberway Forest  (2469,631)  (2427,520)
Celene  (1196,1464)  (1150,1431)  (1226,1510)
Abbor Alz East  (1783,1504)  (1737,1545)  (1828,1550)  (1763,1458)  (1725,1384)
Rakers East  (2659,814)
Chathold  (2379,1548)
Onnwal  (1849,1813)
Sea of Dust  (256,2412)  (210,2457)  (210,2411)  (301,2458)  (256,2366)  (302,2366)  (302,2412)  (208,2365)  (255,2503)  (209,2503)  (164,2457)  (164,2411)  (347,2458)  (347,2504)  (301,2504)  (163,2504)  (254,2320)  (300,2320)  (346,2320)  (348,2366)  (348,2412)  (162,2365)  (162,2319)  (208,2319)  (392,2276)  (255,2549)  (209,2549)  (118,2458)  (118,2412)  (393,2458)  (393,2504)  (393,2550)  (347,2550)  (301,2550)  (163,2550)  (117,2550)  (117,2504)  (254,2274)  (300,2274)  (346,2274)  (394,2322)  (394,2368)  (116,2366)  (116,2320)  (116,2274)  (162,2273)  (208,2273)  (392,2230)  (438,2230)  (438,2276)  (255,2595)  (209,2595)  (72,2458)  (72,2412)  (439,2414)  (439,2460)  (439,2506)  (439,2552)  (393,2596)  (347,2596)  (301,2596)  (163,2596)  (117,2596)  (71,2596)  (71,2550)  (71,2504)  (254,2228)  (300,2228)  (346,2228)  (440,2322)  (440,2368)  (70,2366)  (70,2320)  (70,2274)  (154,2227)  (200,2227)  (441,2598)  (392,2184)  (484,2238)  (26,2458)  (26,2412)  (485,2414)  (485,2460)  (485,2506)  (485,2552)  (25,2636)  (25,2590)  (25,2544)  (25,2228)  (321,2182)  (486,2284)  (486,2330)  (24,2366)  (24,2320)  (24,2274)  (487,2598)  (531,2408)  (531,2454)  (531,2500)  (531,2546)  (533,2592)  (577,2410)  (577,2484)  (577,2530)  (579,2576)  (579,2622)  (623,2524)  (625,2570)  (625,2616)  (671,2565)  (671,2611)  (717,2619)
Cairn Hills  (1564,1198)
Quag  (758,412)  (712,452)  (712,406)  (803,458)  (758,366)  (804,366)  (804,412)  (666,447)  (666,401)  (849,458)
Torrich  (2751,1676)  (2705,1721)  (2705,1675)  (2796,1722)  (2751,1630)  (2797,1630)  (2797,1676)  (2703,1629)
Gamboge Forest  (2207,980)  (2161,1002)  (2161,956)  (2252,1026)  (2207,934)
Prelacy of Almor  (2336,1403)  (2290,1406)  (2290,1360)  (2381,1449)  (2244,1403)  (2406,1495)
Kingdom of Furyondy  (1247,1127)  (1201,1170)  (1201,1124)  (1292,1173)  (1247,1081)  (1293,1082)  (1155,1175)  (1338,1128)
Barrens West  (1421,199)  (1375,224)  (1375,178)  (1329,209)
The Scarlet Brotherhood  (2204,2545)  (2158,2554)  (2250,2543)  (2296,2563)
Silver Wood  (983,1666)
Tilva Strait  (2555,2471)  (2509,2516)  (2579,2517)  (2564,2425)  (2558,2379)  (2560,2333)  (2606,2293)  (2599,2247)  (2645,2238)  (2691,2206)  (2737,2192)
Rel Astra  (3018,1650)
Theocracy of the Pale  (2197,776)  (2151,821)  (2151,775)  (2237,822)  (2197,730)  (2243,730)  (2243,776)  (2219,684)  (2249,638)
Land of Black Ice  (633,0)  (587,9)  (679,0)  (541,9)  (725,0)  (771,0)
Cold Marshes  (1195,226)  (1149,251)  (1178,180)  (1224,180)  (1241,234)  (1258,280)  (1103,279)  (1176,134)  (1304,261)  (1057,300)  (1350,276)  (1396,277)  (1412,323)  (1442,277)  (1458,323)  (1504,321)
Fairwind Isle  (1174,2099)
Antalotol  (3,1027)  (48,1073)  (2,1073)  (0,981)  (49,992)  (0,935)
Olman Middle  (1685,2486)
Yatil Mountains  (466,672)  (420,717)  (420,671)  (511,718)  (466,626)  (512,636)  (465,763)  (419,763)  (557,686)  (557,732)  (511,764)  (433,580)  (479,580)  (561,778)  (525,549)  (465,809)  (515,810)  (421,534)  (467,534)  (375,515)  (513,503)  (322,501)  (505,856)  (421,488)  (467,488)  (368,469)  (513,457)  (559,456)  (288,455)  (605,431)  (334,423)  (281,409)
Forlorn East  (1964,321)
Reyhu  (1679,935)
Nyr Dyv  (1544,1088)  (1498,1089)  (1498,1043)  (1544,1042)  (1590,1042)  (1590,1088)  (1524,1135)  (1452,1088)  (1636,1011)  (1636,1057)  (1682,1025)  (1682,1071)  (1727,1117)
Shield Lands  (1495,940)  (1481,894)  (1527,894)  (1541,972)  (1522,848)
Kaport Bay  (2860,884)  (2814,929)  (2814,883)  (2860,838)  (2906,880)  (2906,926)
Pontylver  (2832,1805)  (2786,1826)  (2851,1851)  (2878,1767)
Eru-Jovar  (932,347)  (886,357)  (886,311)  (977,393)  (932,301)  (978,301)  (978,347)  (931,403)  (870,265)  (1023,402)  (977,439)  (931,449)
Havenhill  (1311,1768)
Hraak Bay  (2461,13)  (2415,55)  (2415,9)  (2506,59)  (2507,0)  (2369,40)  (2512,105)
Ratik Pass  (2577,820)
Icy Sea East  (2217,0)  (2263,0)
Flen  (680,1709)  (726,1711)
Olman East  (1901,2380)
Bluff Hills  (1878,513)  (1924,496)
County of Sunndi  (2584,2004)  (2566,1958)  (2630,2005)
Stark Mounds  (498,1603)
Adri West  (2496,1255)  (2477,1209)
County of Urnst  (1916,1022)  (1931,1068)  (1953,976)  (1962,1022)  (1907,1114)
Flanmi  (2829,1199)  (2783,1219)  (2783,1173)  (2874,1245)  (2829,1153)  (2875,1153)  (2875,1199)  (2828,1265)  (2825,1107)
Principality of Ulek  (1154,1786)  (1142,1832)  (1169,1740)
Welkwood South  (1298,1467)
Hool Marshes  (936,1987)
Hestmark Highlands  (2670,2090)  (2650,2136)  (2684,2044)
Oyt Wood  (502,1520)
Imeda  (2853,1538)
Griff Mountains  (2260,476)  (2298,522)  (2246,430)  (2292,403)  (2338,371)  (2145,550)  (2325,325)
Sable Wood  (3344,156)  (3298,168)  (3390,144)
Tusman Hills South  (422,1073)  (388,1119)  (414,1027)  (468,1088)  (514,1115)
Gull  (3129,1526)
Solnor Ocean  (3262,956)  (3216,1001)  (3216,955)  (3307,1002)  (3262,910)  (3308,910)  (3308,956)  (3214,909)  (3261,1047)  (3215,1047)  (3170,1001)  (3170,955)  (3353,1002)  (3353,1048)  (3307,1048)  (3169,1048)  (3260,864)  (3306,864)  (3352,864)  (3354,910)  (3354,956)  (3168,909)  (3168,863)  (3214,863)  (3398,820)  (3261,1093)  (3215,1093)  (3124,1002)  (3124,956)  (3399,1002)  (3399,1048)  (3399,1094)  (3353,1094)  (3307,1094)  (3169,1094)  (3123,1076)  (3260,818)  (3306,818)  (3352,818)  (3400,866)  (3400,912)  (3122,910)  (3122,864)  (3122,818)  (3168,817)  (3214,817)  (3398,774)  (3261,1139)  (3215,1139)  (3078,960)  (3437,1140)  (3391,1140)  (3345,1140)  (3077,772)  (3260,772)  (3306,772)  (3352,772)  (3076,914)  (3076,868)  (3076,822)  (3123,771)  (3169,771)  (3398,728)  (3299,1185)  (3253,1185)  (3437,1186)  (3391,1186)  (3345,1186)  (3031,776)  (3031,730)  (3077,726)  (3258,726)  (3304,726)  (3350,726)  (3030,935)  (3030,889)  (3030,843)  (3396,682)  (3299,1231)  (3437,1232)  (3391,1232)  (3345,1232)  (2985,797)  (3305,680)  (2984,887)  (3368,636)  (3414,636)  (3437,1278)  (3391,1278)  (2939,817)  (3424,590)
Fellreev East  (1767,586)  (1760,632)
Sepia Uplands  (936,580)  (950,626)  (904,626)  (905,534)  (951,534)
Tiger Nomads  (490,297)  (444,342)  (444,296)  (535,343)  (490,251)  (536,251)  (536,297)  (442,250)  (489,388)  (443,388)  (581,343)  (397,376)  (488,205)  (582,241)  (582,287)
Krakenheim  (2742,286)
Adri Forest  (2617,1318)  (2571,1363)  (2571,1317)  (2662,1364)  (2617,1272)  (2663,1272)  (2663,1318)  (2571,1271)  (2599,1409)  (2568,1225)
Hraak Pass  (2419,340)
Hold of Stonefist  (2224,141)  (2178,182)  (2178,136)  (2269,187)  (2224,95)  (2270,95)  (2270,141)  (2172,90)  (2223,228)  (2132,182)  (2132,136)  (2316,76)  (2316,122)  (2126,51)  (2262,274)  (2255,320)
Dreadwood  (961,1919)  (915,1923)  (1007,1909)
Udgru Forest  (227,529)  (181,535)  (263,575)  (198,483)  (309,549)
Thelly  (2600,1840)  (2646,1840)  (2418,1817)
South Province  (2371,1722)  (2325,1748)  (2325,1702)  (2386,1768)  (2417,1687)  (2432,1733)
The Horned Society  (1425,553)  (1450,599)  (1404,599)  (1384,507)  (1430,507)  (1409,645)  (1405,461)  (1451,461)  (1457,415)
Caliphate of Ekbir  (128,693)  (82,738)  (82,692)  (173,739)  (128,647)  (174,647)  (174,693)  (80,646)  (127,784)  (183,785)  (126,601)  (220,638)  (118,555)
Kron Hills  (1092,1327)  (1046,1353)  (1138,1312)
Flotsam and Jetsom  (1101,2127)  (1055,2153)  (1055,2107)  (1101,2081)  (1147,2081)  (1147,2127)  (1039,2061)  (1009,2152)  (1193,2068)  (1193,2114)
Drachensgrab Hills  (1476,1732)  (1430,1754)  (1470,1686)  (1522,1743)
Lortmil South  (1148,1564)  (1102,1528)  (1201,1607)  (1101,1482)
Gran March  (821,1455)
Kro Terlep  (2317,2400)  (2363,2371)
Relmor Bay  (2136,1584)  (2090,1629)  (2090,1583)  (2181,1630)  (2136,1538)  (2182,1538)  (2182,1584)  (2088,1537)  (2057,1675)  (2044,1629)  (2044,1583)  (2227,1630)  (2210,1492)  (2228,1538)  (2228,1584)  (2042,1537)  (2256,1464)  (2274,1510)  (2274,1556)  (2274,1602)  (2320,1579)  (2320,1625)
Rakers  (2448,727)  (2402,706)  (2493,773)  (2380,660)  (2447,807)  (2529,819)  (2334,685)  (2334,639)  (2380,614)  (2483,853)  (2437,853)  (2332,593)  (2378,568)  (2464,899)  (2418,899)  (2358,522)  (2444,945)  (2398,954)  (2344,476)  (2352,989)  (2390,455)
Lake Quag  (695,531)  (649,520)  (741,514)  (742,560)  (775,606)
Port Ekul  (2417,2532)  (2371,2554)
Nuther Wood  (2027,839)
Burneal Forest  (648,138)  (602,180)  (602,134)  (694,115)  (740,100)  (786,79)
Olman Islands East  (1912,2437)  (1866,2429)  (1912,2391)  (1958,2391)  (1860,2383)  (1906,2345)  (1952,2345)  (1998,2345)
Dry Steppes  (56,1881)  (10,1926)  (10,1880)  (101,1927)  (56,1835)  (102,1871)  (8,1834)  (55,1972)  (9,1972)  (147,1917)  (147,1963)  (101,1973)  (54,1789)  (148,1871)  (0,1788)  (173,2009)  (100,1746)  (55,2018)  (9,2018)  (193,1917)  (193,1963)  (127,2019)  (46,1743)  (194,1871)  (0,1742)  (25,2064)  (239,1917)  (239,1963)  (46,1697)  (0,1696)  (285,1915)  (285,1961)  (46,1651)  (0,1650)  (46,1605)  (0,1604)  (46,1559)  (0,1558)  (46,1513)  (0,1512)  (46,1467)  (0,1466)  (46,1421)  (0,1420)
Idee Coast  (2088,2048)  (2042,2089)  (2042,2043)  (2133,2094)  (2088,2002)  (2134,2002)  (2134,2048)  (2036,1997)  (1996,2061)  (2179,2094)  (2179,2140)  (2133,2140)  (2180,2015)  (1990,2015)  (1990,1969)  (2036,1951)  (2225,2061)  (2225,2107)  (2225,2153)  (2179,2186)  (2133,2186)  (1944,2006)
Crockport  (1022,963)  (976,1004)
Ratik  (2584,752)
Rookroost  (1857,616)
Sea Barons  (3323,1532)  (3277,1577)  (3277,1531)  (3368,1578)  (3323,1486)  (3369,1486)  (3369,1532)  (3275,1485)  (3322,1623)  (3276,1623)  (3231,1577)  (3231,1531)  (3414,1578)  (3414,1624)  (3368,1624)  (3230,1624)  (3321,1440)  (3367,1440)  (3413,1440)  (3415,1486)  (3415,1532)  (3229,1485)  (3229,1439)  (3275,1439)  (3322,1669)  (3276,1669)  (3437,1670)  (3391,1670)  (3230,1670)  (3184,1609)  (3321,1394)  (3367,1394)  (3413,1394)  (3183,1462)  (3183,1416)  (3229,1393)  (3275,1393)  (3160,1370)  (3271,1716)  (3321,1348)  (3367,1348)  (3206,1347)  (3252,1347)  (3208,1301)  (3254,1301)
Sultanate of Zeif  (0,826)
Valley of the Mage  (440,1284)  (341,1363)
Molag  (1430,782)  (1384,798)  (1384,752)  (1463,828)  (1430,736)  (1476,739)  (1417,844)  (1338,798)  (1422,890)
Vesve South  (936,863)  (890,908)  (890,862)  (981,909)  (936,817)  (982,819)  (844,924)  (1027,865)  (898,771)  (944,771)  (925,725)
Thornward  (658,1182)  (612,1213)
Winetha  (3036,1232)  (2990,1277)  (2990,1231)  (3081,1278)  (3036,1186)  (3082,1186)  (3082,1232)  (2988,1185)  (3035,1323)  (2989,1323)  (2944,1277)  (3127,1278)  (3082,1324)  (2943,1324)  (3034,1140)  (3080,1140)  (3128,1173)  (3128,1219)  (2956,1139)  (2973,1370)  (2927,1370)  (3038,1094)
Yatil East  (738,872)  (692,901)  (692,855)  (781,918)  (738,826)  (789,964)  (791,1010)
Cruski  (3200,57)  (3246,64)  (3154,55)  (3333,62)
Burneal West  (437,111)  (391,153)  (391,107)  (483,84)  (483,130)  (345,117)  (529,89)
County of Ulek  (1129,1642)
Corusk Mountains  (2696,161)  (2650,206)  (2650,160)  (2738,207)  (2742,128)  (2619,114)  (2604,216)  (2604,170)  (2788,130)  (2573,124)  (2558,222)  (2558,176)  (2834,114)  (2542,294)  (2512,248)  (2880,99)  (2509,340)  (2496,294)  (2918,145)  (2919,191)  (2466,248)  (2926,89)  (2964,135)  (2965,181)  (3010,108)
Blemu Hills  (2528,1089)
Bramblewood Forest  (638,1061)  (678,1015)
Gryrax  (1251,1758)  (1237,1804)  (1241,1712)
Duxchan  (2918,2197)  (2829,2320)  (2725,2326)
Loftwood  (2750,791)
Duchy of Urnst  (1688,1250)  (1642,1295)  (1642,1249)  (1733,1296)  (1688,1204)  (1734,1224)  (1596,1297)